5/12/15,131.09,131.09,128.99,129.49,2680675/11/15,130.21,131.6899,130.0955,130.955,3949945/8/15,131.59,132.18,130.32,130.62,5184325/7/15,131.4,131.99,130.38,130.49,2696505/6/15,129.8,131.64,129.4251,131.33,5456125/5/15,132.88,132.88,128.06,130.77,7476545/4/15,129.96,132.49,129.05,131.63,6646465/1/15,127.29,129.64,127.29,129.47,39110404/30/2015,128.17,129.41,126.27,126.905,23019004/29/2015,128.56,129.66,128.31,128.84,20251104/28/2015,128.32,129.76,127.96,129.4,18255504/27/2015,129.49,129.9,127.92,128.31,32769304/24/2015,129.35,129.83,128.24,128.79,28369104/23/2015,129.54,129.99,128.37,129.15,42138804/22/2015,130,131.49,128.905,130.02,25189204/21/2015,130.17,132.23,129.37,129.5,39316404/20/2015,132.46,132.84,129.87,130.09,29723004/17/2015,132.05,132.14,129.4,129.58,26326304/16/2015,132.96,133.41,131.53,133.07,25243304/15/2015,133.67,134.32,132.78,132.93,15300904/14/2015,133.51,134.35,132.54,133.67,25397704/13/2015,133.78,134.9,133.59,134,1756874/10/15,133.39,134.36,133.17,134.15,2104644/9/15,134.27,134.9,132.19,133.61,2369384/8/15,133,134.055,132.05,134,2298334/7/15,132.02,133.43,132.02,132.67,2705454/6/15,131.55,133.2,130.65,132.2,4440464/2/15,129.97,131.81,129.61,130.385,2399824/1/15,130.63,131.15,128.91,129.57,50049703/31/2015,130.95,132.42,130.05,132.185,54534103/30/2015,131.14,131.62,129.758,131.15,34274103/27/2015,129.54,130.6195,128.7,129.87,38904003/26/2015,128.6,129.8,128.106,129.68,25522703/25/2015,131.06,131.08,128.82,128.93,40612203/24/2015,131.45,131.8399,130.77,130.8,41339603/23/2015,131.5,132.17,131.04,131.26,44607003/20/2015,131.8,131.885,131.22,131.5,61912603/19/2015,130.72,132.095,130.72,131.35,30123803/18/2015,131.75,131.92,130.365,131.32,47025603/17/2015,130.95,131.51,129.47,131.17,43367903/16/2015,130.39,131.2,129.2,131.02,43619803/13/2015,129.21,130.61,128.8,130.07,5115103/12/15,128.49,129.8999,127.85,129.73,11010753/11/15,127.46,128.12,126.15,127.78,3222523/10/15,129.12,129.28,126.99,126.99,2478043/9/15,128.85,130.19,128.31,129.88,2679023/6/15,130.47,131.4,128.87,129.11,3809873/5/15,131.83,132.9545,131.075,131.51,3363353/4/15,132.05,132.28,130.82,131.35,3473043/3/15,133.7,134.58,131.21,131.5,4850053/2/15,131.29,135.5,131.29,134.62,69552202/27/2015,131.99,132.806,131.21,131.5,25497002/26/2015,131.91,132.71,131.37,132.17,20229602/25/2015,131.94,132.53,131.168,131.93,31900902/24/2015,131.21,132.54,130.276,132.32,28712702/23/2015,131.47,131.78,130.03,130.96,28525902/20/2015,130.87,131.37,129.22,131.13,54179702/19/2015,133.13,133.41,131.05,131.35,61690702/18/2015,131.5,133.54,131.5,133.45,44313602/17/2015,131.99,132.26,131.63,132.21,48642502/13/2015,132.26,133,131.21,131.99,4733542/12/15,132.49,133.08,132.055,132.4,4684932/11/15,131.78,132.3,130.9201,131.57,3350652/10/15,130.48,132.18,129.59,132.09,5887002/9/15,129.79,131.35,129.3,129.81,7136342/6/15,127.21,130.75,126.48,130.41,16088392/5/15,120.74,128.8775,120.74,127.66,14545342/4/15,119.42,120.71,118.9001,119.6,5621782/3/15,118.99,119.99,118.505,119.74,5471602/2/15,118,118.86,116.02,118.59,61902001/30/2015,118.17,119.7,118.17,118.5,44291901/29/2015,119.22,119.27,117.96,119.25,54434301/28/2015,119.04,119.6,118.72,119.2,50496701/27/2015,118.72,119.88,118.36,119.29,44500901/26/2015,117.98,119.87,117.315,119.81,46725001/23/2015,118.81,119.66,117.96,118.21,26369201/22/2015,117.65,118.95,115.96,118.93,34296301/21/2015,115.53,117.67,114.3,117.33,84674601/20/2015,115,115.88,113.3301,115.58,37817001/16/2015,112.13,114.55,111.69,114.38,29157501/15/2015,111.9,113.19,110.46,112.19,31791601/14/2015,112.3,113.43,111.71,112.48,24693001/13/2015,114.5,116.34,112.28,113.67,2715361/12/15,112.44,114.56,112.44,113.78,3526061/9/15,116,116.29,114.39,114.61,3119221/8/15,113.64,115.7,113.07,115.36,3569871/7/15,111.42,112.99,110.61,112.96,3930461/6/15,112.36,112.67,110.16,111.02,4169781/5/15,111.99,112.88,110.83,111.42,2832181/2/15,113.17,113.84,110.85,112.28,33182712/31/2014,115.17,115.32,113.01,113.17,27967412/30/2014,115.49,116.24,115.01,115.16,27397712/29/2014,116.47,117.86,115.77,116.02,25331512/26/2014,117,117.61,115.91,116.07,14722012/24/2014,116.94,117.62,116.29,116.62,10874112/23/2014,115.26,118.84,115.01,116.92,46795112/22/2014,113.74,115,113.69,115,21375212/19/2014,115.07,115.29,113.67,113.69,111815512/18/2014,114.46,115.1,113.56,115.08,19650812/17/2014,111.2,113.05,110.31,112.99,27316512/16/2014,110.81,112.88,110.81,111.09,35598812/15/2014,112.6,112.7297,110.94,111.69,28552412/12/14,112.72,113.23,111.39,111.42,33409312/11/14,114.84,116,113.69,113.89,28235112/10/14,115.6,116.58,114.08,114.12,28982212/9/14,115.77,116.38,114.73,116.17,34011612/8/14,115.9,117.19,115.67,116.62,52433812/5/14,115,116.56,114.46,116.37,57620412/4/14,113.94,115,113.85,114.77,32268312/3/14,112.75,114,112.03,113.84,45072212/2/14,112.58,112.97,111.9201,112.66,33012812/1/14,112.43,112.85,111.64,112.33,51340911/28/2014,113.02,114.32,112.73,112.96,17790411/26/2014,112.81,113.67,112.23,112.64,23905811/25/2014,114.23,114.8,112.68,112.81,28612911/24/2014,112.87,114.22,112.47,114.17,29375311/21/2014,113.67,113.92,112.35,112.69,24832011/20/2014,112.68,113,112.235,112.82,30181111/19/2014,113.35,113.35,111.82,112.9,18207211/18/2014,113.1,114.37,112.92,113.33,25724411/17/2014,113,113.4899,112.41,113.02,24587611/14/2014,113.41,114.2,112.69,113.39,21269111/13/2014,114.02,114.52,112.82,113.57,33474411/12/14,112.8,114.41,112.54,114.05,41265511/11/14,114.56,114.86,113.43,113.77,25250511/10/14,114.9,114.99,113.73,114.67,36838211/7/14,113.5,114.74,112.95,114.66,49147711/6/14,112.65,113.57,111.95,113.5,54420411/5/14,111.44,113.88,110.89,112.9,84780911/4/14,109.04,109.87,108.54,108.78,66122511/3/14,110.22,110.63,108.64,109.04,49612710/31/2014,110,110.63,109.67,110.29,44655110/30/2014,107.13,109.05,107.13,108.96,35841910/29/2014,107.82,108.83,106.85,107.55,31421110/28/2014,105.59,108.08,104.745,107.97,31380010/27/2014,105.75,105.75,103.48,105.18,33979810/24/2014,105.58,106.12,104.68,106.01,28693010/23/2014,104.86,106.165,104.51,105.48,43225810/22/2014,105.04,105.3,103.86,103.93,27885010/21/2014,103.55,105.33,102.95,105.08,33450710/20/2014,102.14,103.84,101.87,103.46,38189610/17/2014,101.89,103.23,100.58,102.66,27850610/16/2014,101.71,102.73,100.36,100.85,80357210/15/2014,101.75,103.42,100.17,102.22,78744910/14/2014,101.85,103.59,101.29,103.04,67145910/13/2014,102.45,102.93,101.3,101.43,61841110/10/14,102.94,104.14,102.24,102.65,75609510/9/14,103.99,104.59,102.58,102.78,56614410/8/14,102.4,104.36,102.345,104.24,80136810/7/14,102.61,103.12,102.02,102.66,60713510/6/14,102,103.248,102,102.86,52156810/3/14,101.5,102.81,101.415,101.73,66384910/2/14,99.1,101.29,99.1,100.74,68480910/1/14,99.02,99.53,98.1,99.35,106348209/30/2014,100,100.35,99.21,99.5,46097609/29/2014,99.27,100.58,99.105,100,29521609/26/2014,99.85,100.86,99.85,100.52,57880409/25/2014,101.09,101.25,98.92,100.02,56913509/24/2014,100.4,101.43,99.86,100.92,93850009/23/2014,101.26,101.4,100.15,100.29,63767009/22/2014,104.7,104.95,102.01,102.05,62822809/19/2014,106.7,106.71,104,104.54,155834809/18/2014,106.37,106.51,105.77,105.84,34309309/17/2014,106.34,106.88,105.8,106.09,29798609/16/2014,106.31,107.45,105.58,106.57,57631209/15/2014,107.15,107.52,106.42,106.54,4392639/12/14,107.5,107.5,106.45,106.86,3904179/11/14,107.11,107.8,106.95,107.3,5389649/10/14,107.39,108.31,107,107.5,3717279/9/14,108.37,108.75,106.88,106.95,8753739/8/14,108.22,110.915,108.0901,108.83,4754729/5/14,108.17,108.735,107.35,108,3690289/4/14,108.64,109.31,107.97,108.03,4656629/3/14,109.43,109.96,107.85,108.2,2913869/2/14,109.79,110.55,108.95,108.99,42626508/29/2014,109.185,109.93,108.76,109.63,24505208/28/2014,109.34,109.61,108.42,108.83,18587708/27/2014,109.88,110.39,109,109.45,15216308/26/2014,109.3,110.36,108.72,110,22939008/25/2014,110.11,110.59,108.61,108.84,29634308/22/2014,109.62,110.5,108.6,109.51,26764308/21/2014,109.75,110.56,108.56,109.8,28317608/20/2014,109.95,110.79,109.45,109.91,29159908/19/2014,109.5,110.9,108.9,110.39,26654408/18/2014,109.5,109.5,108.75,109.41,34927508/15/2014,109.68,109.95,108.51,108.78,36019608/14/2014,109.49,109.924,108.56,108.99,63331808/13/2014,105.84,109.34,105.725,109.33,5484818/12/14,103.02,108.84,101.77,105.8,8710318/11/14,103.31,104.76,102.83,104.27,4039318/8/14,102.37,102.89,101.96,102.58,2860458/7/14,104.61,104.8499,102.38,102.39,3241608/6/14,102.21,104.35,101.82,103.93,2874128/5/14,102.25,103.1,101.68,102.54,2902038/4/14,101.53,102.68,100.95,102.38,5340998/1/14,101.74,102.19,100.53,101.12,50514307/31/2014,103.56,103.56,101.94,102.02,51922307/30/2014,104.5,105,103.58,104.04,60474807/29/2014,104.43,104.93,103.76,104.01,28817907/28/2014,104.42,104.49,103.28,104,32660307/25/2014,105.98,106.57,104.16,104.31,31917107/24/2014,106.21,107.09,105.64,106.36,34056007/23/2014,105.85,106.15,105.28,106.07,32090307/22/2014,104.32,105.88,103.8,105.41,23362307/21/2014,104.38,104.566,103.27,104.03,22495107/18/2014,104.2,105.6,103.68,104.98,27226507/17/2014,103.45,105.17,103.45,103.96,43430107/16/2014,104.27,104.44,102.92,103.89,57274907/15/2014,104,104.67,103.25,103.47,22476707/14/2014,103.35,104.33,103.35,103.97,4242727/11/14,103.7,103.7,102.12,102.77,4759907/10/14,103.06,104.32,102.71,103.58,2869327/9/14,104.63,105.73,104.11,104.42,3324097/8/14,105.46,105.5,103.9,104.47,3807257/7/14,105.25,106.2,105.25,105.49,3791627/3/14,105.91,106.55,105.41,105.95,3419097/2/14,105.38,106.18,104.86,105.69,6319207/1/14,105.14,107.09,104.245,105.68,53950306/30/2014,103.66,104.95,102.84,104.23,42344306/27/2014,103.59,104.75,103.18,103.84,45985506/26/2014,104.75,104.75,103.27,103.66,28074306/25/2014,104.37,105.04,104.01,104.74,38938306/24/2014,104.84,105.96,104.48,104.52,36800306/23/2014,105.75,106.17,104.78,104.87,46600906/20/2014,107,107.45,105.33,105.75,82420506/19/2014,108.32,109.01,106.93,107.11,75853806/18/2014,108.28,108.755,107.92,108.27,46790206/17/2014,109.16,109.55,107.85,107.95,63828206/16/2014,109.56,109.935,108.53,109.01,43069206/13/2014,109.5,111.31,109.5,109.51,3487316/12/14,109.23,109.62,109,109.21,4602976/11/14,108.88,109.64,107.5246,109.2,6071586/10/14,110,110.21,108.95,109.21,7791386/9/14,110.75,111.68,110.08,110.43,4724246/6/14,110.22,111.51,109.75,111.03,8088346/5/14,110.73,110.976,108.92,110.16,5288386/4/14,110.47,111,109.78,110.26,5693766/3/14,110.74,111.19,109.29,110.58,5750096/2/14,112.95,112.95,110.63,111.37,33113805/30/2014,111.79,112.99,110.775,112.51,73946105/29/2014,113.05,113.49,110.76,111.6,129383705/28/2014,112.34,114.11,111.97,112.87,98637205/27/2014,113,113.04,111.81,112.59,82243505/23/2014,110.83,112.94,110.27,112.92,22533805/22/2014,111,111.69,109.98,111.04,22735005/21/2014,109.75,111.39,109.2,110.94,34973705/20/2014,110.96,110.99,108.85,109.02,57054205/19/2014,110.45,111.6,110.45,110.86,37521405/16/2014,109.62,110.75,108.94,110.71,40828605/15/2014,108.64,109.8,107.24,109.48,56056305/14/2014,108.93,109.68,108.11,108.77,37966405/13/2014,109.48,109.64,108.13,109,4365505/12/14,107.59,110.07,107.15,109.32,3766475/9/14,106.8,107.869,106,106.81,4641855/8/14,106.75,110.036,105.84,106.8,7502915/7/14,101.72,106.11,100.722,105.86,12568745/6/14,109.75,109.75,101.77,102.3,19440805/5/14,111.5,112.53,110.35,111.91,3793655/2/14,112,113.3,111.51,112.13,3627335/1/14,112.3,112.9799,110.83,111.68,44629304/30/2014,110.73,112.635,110.06,112.22,46593904/29/2014,109.67,111.44,109.23,111.19,39617004/28/2014,109.03,110.54,106.67,109.02,55962004/25/2014,110.26,110.26,108.42,108.46,41017704/24/2014,110.46,111.05,109.48,110.29,38066504/23/2014,109.97,110.61,109.48,110.31,24385504/22/2014,108.77,111.33,107.92,110.04,38881304/21/2014,107.71,109.065,107.71,109.02,33961204/17/2014,107.04,109.09,106.31,108.42,35616104/16/2014,106.71,107.74,105.41,106.93,34511504/15/2014,103.6,106.61,103.4,106.13,93821804/14/2014,104.96,105,101.92,103.31,10273224/11/14,108.62,108.62,103.605,103.99,10826964/10/14,111.38,112.36,108.81,108.98,4479064/9/14,111.85,111.99,108.94,111.27,5133824/8/14,110.02,112.32,109.48,111,5152554/7/14,112,113.29,108.36,110.31,9203404/4/14,116,116,112.19,112.51,8862784/3/14,116.6,117.525,115.075,115.95,5105584/2/14,118,118,116.56,117.03,5052764/1/14,114.45,118,114.11,117.76,83579603/31/2014,111.07,114.27,110.42,114.05,65050903/28/2014,113.54,114.47,109.8,110.14,64087803/27/2014,112.85,113.81,112.31,113.47,85125903/26/2014,114.15,114.97,112.28,112.96,57693903/25/2014,113,115.28,113,113.5,49376503/24/2014,117.01,117.29,112.5,113.36,64395503/21/2014,116.77,118.27,116.55,116.97,183466003/20/2014,116.13,118,115.55,116.98,35335403/19/2014,116.28,117.94,115.91,116.63,53167403/18/2014,114.31,117.02,114.211,116.48,61097703/17/2014,113.14,114.59,113.06,114.39,52693503/14/2014,111.12,112.75,110.82,112.51,51498803/13/2014,112.48,113.04,110.43,111.12,8061423/12/14,113.23,113.79,111.75,112.13,8256823/11/14,112.95,115.46,112.49,114.22,9743683/10/14,111.5,113,110.55,112.9,5927103/7/14,112.92,113.44,112.11,112.62,4958243/6/14,113,113.86,111.45,112.36,10103603/5/14,113.11,113.67,111.31,112.89,8192333/4/14,109,112.29,108.82,110.99,7744283/3/14,107.5,108.51,106.82,107.35,49265302/28/2014,107.6,109.75,107.02,109.1,68595802/27/2014,108.19,108.74,104.77,107.25,122738502/26/2014,111.18,111.89,108.77,109.22,47670102/25/2014,110.51,112.81,110.01,111.24,70237902/24/2014,111.26,112.47,110.7983,110.93,64503102/21/2014,110.28,111.85,109.87,111.26,63514402/20/2014,108.85,110.56,108.46,110.03,79050802/19/2014,109.24,112.64,108.49,108.76,93939502/18/2014,108.77,109.57,106.85,109.26,89068502/14/2014,110.64,111.45,108.38,108.77,98478702/13/2014,109.43,111.08,108.91,110.7,7551862/12/14,109.34,110.34,108.26,110.33,11530752/11/14,109.12,110.11,108.37,109.41,8900892/10/14,108.32,109.26,106.455,109.1,10100512/7/14,107.21,111.27,106.961,109,23676192/6/14,109.69,109.69,98.501,105.01,47903342/5/14,114.23,115.03,112.73,114.45,10358942/4/14,113.34,115.73,112.3235,114.57,12053312/3/14,117.16,118.08,113.07,113.25,130841801/31/2014,116.89,118.93,116.76,116.92,114562801/30/2014,119.75,120.73,118.61,118.77,75353401/29/2014,119.71,120.64,117.56,118.52,86830901/28/2014,121.11,122.86,119.23,120.19,82901501/27/2014,122.14,123.4395,120.39,120.44,100575801/24/2014,123.99,123.99,121.07,122,70712501/23/2014,124.52,126.13,124.32,124.61,62718601/22/2014,124,127.39,123.44,126.42,84024101/21/2014,128.7,129.29,123.43,126.32,84082301/17/2014,128.92,129.5,127.56,128.84,20910801/16/2014,128.47,129.45,127.74,129.21,28371301/15/2014,128.61,129.4661,127.09,128.6,40697001/14/2014,127.27,129.12,126.96,128.31,64340801/13/2014,128.51,131.73,126.66,127.07,8489831/10/14,129.36,129.97,126.8801,128.08,6072961/9/14,130.05,130.37,128.14,129.14,5083791/8/14,127.46,129.93,127.46,129.61,5807601/7/14,126.6,129.12,126.12,128.61,5857191/6/14,127.13,127.69,126.03,126.98,5869751/3/14,125.66,127.58,124.78,127.48,4524171/2/14,123.82,126.67,123.82,125.48,106784612/31/2013,127,128.81,126.45,127.61,65566312/30/2013,126,127.01,124.886,126.59,44099512/27/2013,126.38,127.17,125.7,126.31,51508912/26/2013,126.63,127.27,125.29,125.95,52281912/24/2013,126.37,126.74,125.84,126.52,14142112/23/2013,125.73,126.44,124.47,126.1,46491312/20/2013,124,125.78,122.56,125.07,215376912/19/2013,123.63,124.25,122.58,123.63,65019712/18/2013,125.47,125.835,122.28,123.65,71353312/17/2013,122.93,123.75,121.81,122.6,91892012/16/2013,121.01,123.02,120.18,122.84,64459612/13/2013,120.22,121,119.64,120.79,49434912/12/13,120.24,120.71,118.55,119.97,48977112/11/13,122.05,122.05,119.21,120.59,63237512/10/13,120.91,122.18,120.4201,122.09,72110812/9/13,121.48,124.4,120.62,121.3,141908412/6/13,116.55,122.23,116.33,122.1,146439112/5/13,112.02,116.4599,111.09,116.21,109193912/4/13,113.67,113.9,111.49,112.41,79999912/3/13,115.76,116.24,113.725,113.9,74823512/2/13,113.2,117.24,109.62,116.25,175304111/29/2013,114.53,114.78,112.47,112.6,29692711/27/2013,111.18,114.21,110.205,114.02,54626611/26/2013,112,112,109.21,110.51,284097811/25/2013,111.83,111.87,110.55,111.65,63203711/22/2013,111.55,112.1,107.51,111.05,96836111/21/2013,110.2,112.36,109.94,111.57,55140911/20/2013,111.71,111.95,109.75,110.05,57814611/19/2013,113.29,114.67,110.96,111.11,65245211/18/2013,115,115.39,113.31,113.56,62015811/15/2013,115.54,115.978,114.5,114.87,76707611/14/2013,111.78,115.39,110.88,115.39,87701611/13/2013,111.27,112.25,111.27,111.72,40348311/12/13,111,112.61,110.52,112.07,56468811/11/13,109.7,111.46,108.6,111.41,51912111/8/13,107.46,109.76,107.095,109.52,64567911/7/13,110.5,111.9997,106.91,107.09,91537411/6/13,111.61,112.1,108.55,109.59,106481411/5/13,111.75,112.04,110.06,110.9,60821511/4/13,116.42,116.61,111.1,111.84,81991611/1/13,114.84,115.88,113.87,115.76,86622410/31/2013,114.41,116.38,114.04,114.81,49758110/30/2013,115.54,115.85,113.88,114.58,51852910/29/2013,114.58,115.81,113.47,115.16,54611310/28/2013,115.65,115.87,113.09,114.17,53052610/25/2013,114.89,115.89,113.82,115.8,94205410/24/2013,115.17,115.7499,114.02,114.34,83409610/23/2013,115.84,115.94,114.18,114.87,49190110/22/2013,115.98,117.06,115.105,116.15,66152110/21/2013,113.79,116.09,113.38,115.97,53965410/18/2013,112.53,113.85,112.322,113.35,87143910/17/2013,117.25,117.56,109.92,112.07,200970510/16/2013,117.89,118.46,117,117.25,98389910/15/2013,118.11,118.73,117.07,117.9,84475810/14/2013,117.31,118.59,116.5,118.31,80775810/11/13,117,118.28,116.05,118.26,106774110/10/13,114.25,117.58,114.09,117.24,75315710/9/13,112.9,114.12,110.53,113.09,80085710/8/13,116,116,112.58,112.83,92045810/7/13,114.44,115.296,113.51,114.78,66047610/4/13,113.54,115.69,113.1901,115,134671510/3/13,112.76,114.71,112,113.72,77090610/2/13,111.34,113.03,110.95,112.62,105594410/1/13,106.84,112.73,106.84,112.42,177771709/30/2013,107.31,108.245,106.555,106.96,66362309/27/2013,105.63,108.34,105.2301,108.16,48545809/26/2013,105.92,106.62,104.97,106.02,80453909/25/2013,105.05,107.1199,104.42,105.9,90291909/24/2013,103.23,105.89,102.53,105.77,111233309/23/2013,102.14,103.58,101.41,103.25,81193009/20/2013,100.75,103.3,99.7501,102.99,230461009/19/2013,99.3,100.43,98.53,100.09,53721109/18/2013,94.13,99.48,94.12,99.45,77766109/17/2013,93.06,94.522,92.88,94,47567509/16/2013,93.49,93.73,92.26,92.6,35382109/13/2013,91.29,92.9875,90.748,92.94,2550479/12/13,90.66,92.02,90.5,91.43,2494649/11/13,92.21,92.79,90.08,90.53,3523139/10/13,91.11,92.75,90.2332,92.51,5063859/9/13,86.64,93.6,85.73,90.88,11955609/6/13,85.28,85.28,83.61,84.77,2544349/5/13,84.05,85.28,84.01,84.78,2356879/4/13,83,84.4,82.6,84.24,3236529/3/13,83.35,84.82,82.2,82.89,61267108/30/2013,83.95,83.95,82.15,82.25,18318308/29/2013,83.03,84.81,83.03,83.95,10261008/28/2013,83.27,84.14,83.22,83.42,18495708/27/2013,83.93,83.94,82.7,83.31,25829108/26/2013,83.82,85.19,83.45,84.62,24139608/23/2013,83.56,84.36,83.07,83.77,21327208/22/2013,82.35,83.54,82.326,83.49,15522808/21/2013,82.18,82.89,81.68,82.08,22598108/20/2013,80.89,82.69,80.89,82.18,19266708/19/2013,81.46,82,81,81.04,13252008/16/2013,81.06,82,72.95,81.73,23578208/15/2013,81.4,81.8,80.6,81.06,58117908/14/2013,85.8,86.44,82.4,82.4,62870008/13/2013,86.62,87.28,85.49,87.07,3264848/12/13,86.22,86.98,85.92,86.62,1615918/9/13,85.78,86.81,85.75,86.51,2797048/8/13,85.26,85.88,84.846,85.77,2292598/7/13,85.26,85.89,84.48,84.92,2298458/6/13,85.73,86.2,84.73,85.53,1754788/5/13,84.79,86,84.7101,85.99,1845688/2/13,85.68,85.79,83.5,85.28,2306178/1/13,84.83,88,84.83,86.3,56213907/31/2013,84.62,84.92,83.64,84.23,25515807/30/2013,83.87,84.822,83.03,84.47,23714307/29/2013,83.56,84.5,83.11,83.86,17852707/26/2013,83.74,83.98,83.04,83.56,16364107/25/2013,81.97,84.11,81.93,84.07,26916407/24/2013,83.25,83.29,81.59,81.97,59014007/23/2013,86.5,86.5,82.85,83.04,63232107/22/2013,86.85,87.33,85.531,86.56,32038207/19/2013,87.74,88.05,87.16,87.65,53545707/18/2013,87.5,88,87.25,87.66,28031707/17/2013,86.79,87.24,86.2,87.24,21183307/16/2013,87.03,87.68,86.02,86.46,47182007/15/2013,85.64,86.92,84.79,86.79,5311477/12/13,85.46,85.97,85.3,85.73,5318067/11/13,85,85.46,84.37,85.28,4183657/10/13,83.68,84.9,83.52,84.69,2864237/9/13,83.62,83.97,82.83,83.56,3220847/8/13,82.42,83.27,82.42,83.01,3347327/5/13,81.77,82.39,80.83,82.3,7687617/3/13,82.95,83.15,80.99,80.99,6605367/2/13,82.85,83.84,82.85,83.49,4973827/1/13,81.86,83.55,81.86,83.27,43959806/28/2013,81.58,82.87,81.323,81.94,107703206/27/2013,81,82.55,80.67,81.95,47300106/26/2013,80,80.974,79.82,80.86,30905406/25/2013,79.31,80,78.61,79.75,36833706/24/2013,78.49,78.78,77.94,78.36,34986006/21/2013,78.22,78.96,77.525,78.84,68309106/20/2013,78,78,77.26,77.76,44697206/19/2013,78.67,79.19,78.37,78.75,26799406/18/2013,77.93,78.92,77.64,78.67,19790706/17/2013,77,78.3,77,77.7,20572106/14/2013,75.96,76.72,75.65,76.53,21614606/13/2013,74.93,76.08,74.87,75.92,1522416/12/13,76.14,76.14,74.9,74.93,1069886/11/13,75.87,76.65,75.11,75.76,1161366/10/13,76.5,76.82,75.61,76.31,2658576/7/13,76.34,76.77,75.92,76.6,1110816/6/13,74.59,75.96,74.54,75.95,2254136/5/13,76.44,76.44,74.68,74.76,3145206/4/13,76.21,76.78,75.92,76.47,1899616/3/13,77.66,77.93,75.56,76.35,24554205/31/2013,77.25,78.45,76.93,77.68,17431105/30/2013,77.35,77.64,77,77.48,18743705/29/2013,78.41,78.478,76.76,77.35,28689105/28/2013,78.5,79.36,78.4,78.88,17927605/24/2013,78.01,78.2,77.22,78.01,13669805/23/2013,78.4,78.669,77.92,78.22,28571705/22/2013,79.02,79.02,78.3,78.66,42723905/21/2013,78.8,79.43,78.76,79.09,16822105/20/2013,78.6,78.98,78.4,78.8,21521205/17/2013,77.72,78.93,77.47,78.71,20218405/16/2013,78.41,78.77,77.46,77.46,29598905/15/2013,77.5,78.56,77.34,78.32,21488005/14/2013,76.66,77.74,76.51,77.53,28528005/13/2013,76.54,76.872,76.29,76.66,3164715/10/13,76.17,76.85,75.99,76.81,2528425/9/13,76,76.35,75.39,76.2,3108455/8/13,75.6,75.96,74.89,75.95,3949295/7/13,75.59,76.35,72.76,75.6,5093575/6/13,73.93,75.03,73.78,75,5602395/3/13,73.27,74.2199,73.198,74.02,3796865/2/13,72.6,73.18,72.24,72.93,4033275/1/13,72.6,73.17,72.22,72.25,34414904/30/2013,72.62,73.35,72.48,72.92,62169804/29/2013,71.75,72.7,71.75,72.65,31564204/26/2013,72.15,72.4,71.4,71.75,21707704/25/2013,72.46,72.46,71.98,72.1,21485604/24/2013,72.75,72.9,71.93,72.14,28225904/23/2013,72.85,73.22,72.23,72.69,22732804/22/2013,72.42,72.66,71.92,72.45,21896404/19/2013,71.98,73.23,71.43,72.27,39978404/18/2013,73.12,73.12,71.45,71.71,32708504/17/2013,72.34,73.53,72.34,72.99,75663104/16/2013,71.98,73.18,71.55,72.9,56059204/15/2013,71.55,72.25,71.2,71.53,6538414/12/13,71.51,72.17,71.51,72.15,3406834/11/13,71.2,71.95,70.85,71.58,2731544/10/13,70.29,71.3,70.2862,71.2,2466454/9/13,70.04,70.65,70.03,70.09,3080014/8/13,69.83,70.4,69.431,70.32,2656074/5/13,68.8,69.82,68.32,69.8,3823004/4/13,68.3,70.18,68.3,69.49,7193624/3/13,69,69.25,67.95,68.02,3499214/2/13,69.05,69.05,68.46,68.85,2028984/1/13,69,69.21,68.56,68.73,18684903/28/2013,68.78,69.49,68.55,69.32,44030203/27/2013,67.8,68.88,67.54,68.85,32140103/26/2013,67.86,68.48,67.86,68.45,46206903/25/2013,67.41,68.03,67.07,67.79,40621803/22/2013,67.36,67.69,66.67,67.02,43486103/21/2013,67.18,67.7,66.94,67.02,29307203/20/2013,67.55,67.7,67.061,67.57,17523603/19/2013,67.34,67.54,66.83,67.2,21635203/18/2013,66.89,67.68,66.77,67.34,19012303/15/2013,67.84,67.95,67.24,67.24,67239103/14/2013,67.88,68,67.69,67.97,36545903/13/2013,67.5,67.93,67.1,67.71,4555533/12/13,67.76,67.97,67.44,67.53,3174543/11/13,67.46,67.92,67.27,67.9,3495573/8/13,67.45,67.89,67.241,67.84,3144013/7/13,66.75,67.33,66.51,67.22,3279883/6/13,67,67.11,66.7225,66.88,2303033/5/13,67.03,67.45,66.54,66.96,3873793/4/13,66.46,66.8737,66.01,66.51,2905353/1/13,66,66.59,65.46,66.46,43087102/28/2013,66.61,66.87,66.16,66.57,41722802/27/2013,65.5,67.09,65.43,66.82,43497102/26/2013,65.98,65.98,65.3222,65.62,34506502/25/2013,66.92,67.02,64.87,65.62,52731102/22/2013,66.35,66.83,66,66.73,42238702/21/2013,66,66.54,65.49,66.01,42266402/20/2013,66.75,66.95,66.25,66.29,27152902/19/2013,66.34,66.95,66.01,66.62,43524402/15/2013,66.25,66.5,65.55,66.26,51400402/14/2013,66.09,66.75,65.79,66.46,47875002/13/2013,66.4,66.69,65.84,66.44,4137612/12/13,65.79,66.34,65.44,66.26,6839882/11/13,65.3,66,65,65.83,6154832/8/13,65.05,65.57,63.1,65.55,10560102/7/13,63.01,65.9,62.61,65.67,21404962/6/13,61.78,62,61.0207,61.82,3468162/5/13,61.11,61.99,61.025,61.91,2415192/4/13,61.25,61.6399,60.955,61.11,2211252/1/13,61.58,61.77,60.902,61.65,32289401/31/2013,60.51,61.46,60.09,61.08,40628601/30/2013,60.29,60.97,60.29,60.79,25357001/29/2013,60.27,60.52,59.905,60.48,15636001/28/2013,59.99,60.65,57.4701,60.28,26136701/25/2013,60.52,60.55,59.86,60.03,19060301/24/2013,59.36,60.61,59.36,60.54,84985201/23/2013,58.33,59.73,58.22,59.56,46854701/22/2013,57.84,58.32,57.36,58.31,25555701/18/2013,57.32,58,57.32,57.95,29228601/17/2013,57.54,57.8,57.215,57.74,21986801/16/2013,57.83,57.83,57.24,57.33,15043501/15/2013,57.25,58.01,57.21,57.99,21479801/14/2013,57.68,57.88,57.14,57.71,2024691/11/13,57.56,58.22,57.45,57.97,2115761/10/13,57.9,57.95,56.755,57.82,2183491/9/13,57.93,57.98,57.59,57.85,1923151/8/13,57.75,57.96,57.505,57.69,2716861/7/13,57.69,57.95,56.94,57.87,2936311/4/13,57.8,57.99,57.14,57.96,3126321/3/13,56.93,57.73,56.51,57.72,3649071/2/13,57.33,57.93,56.41,57.02,45866212/31/2012,55.93,56.52,55.75,56.21,37892312/28/2012,56.77,57.35,56.09,56.1,31362012/27/2012,56.98,57.305,56.9,57.09,35284812/26/2012,57.61,57.61,56.775,57.02,16705912/24/2012,56.94,57.67,56.1088,57.58,12482012/21/2012,57.71,57.71,56.73,56.91,65744912/20/2012,58.43,58.6,57.5234,57.87,30634312/19/2012,58.13,58.96,58.06,58.63,42754812/18/2012,56.36,58.51,56.14,58.35,74422012/17/2012,56.46,56.7,56.1351,56.64,27240712/14/2012,56.05,56.64,56.05,56.41,35911212/13/2012,56.32,56.55,55.684,56.21,41601412/12/12,54.93,56.93,54.93,56.64,96032612/11/12,53.98,54.44,53.65,54.44,26370912/10/12,53.65,54.28,53.51,53.87,21279612/7/12,53.92,54.15,53.58,53.75,28380912/6/12,53.56,53.98,53.26,53.9,23414412/5/12,53.35,53.99,53.2515,53.49,44559812/4/12,52.9,53.36,52.59,53.29,15935812/3/12,53,53.23,52.36,52.71,32785711/30/2012,52.96,53.32,52.53,52.88,41121011/29/2012,51.79,53,51.67,52.93,26137611/28/2012,51,53.3,50.29,51.5,26956211/27/2012,51.76,51.98,51.22,51.31,57714711/26/2012,51.25,52,51.05,51.98,43005111/23/2012,50.92,51.67,50.81,51.6,8582211/21/2012,50.25,50.93,50.09,50.85,21108411/20/2012,50.39,50.39,50.03,50.25,39508311/19/2012,50.67,50.77,50.21,50.36,51845511/16/2012,50.45,50.45,49.74,50.17,52078411/15/2012,50.07,50.58,49.83,50.57,38137011/14/2012,51.27,51.27,49.77,50.01,73907211/13/2012,51.72,52.05,51.25,51.25,37856511/12/12,52.78,52.78,51.76,52.01,30224911/9/12,53.13,53.24,52.55,52.55,27894411/8/12,54,54.08,53.37,53.38,42704411/7/12,58,58,53,54,70502011/6/12,54.24,55.04,53.39,55.03,75800611/5/12,53.63,54.45,53.53,53.8,23625511/2/12,55.37,55.37,53.56,53.56,24053211/1/12,53.64,55.28,53.4,55.22,50941410/31/2012,53.1,53.75,52.87,53.71,21693310/26/2012,52.58,53.16,52.58,53.15,17137410/25/2012,52.99,53.1899,52.68,52.82,26777010/24/2012,53.43,53.43,52.62,52.8,22768810/23/2012,52.94,53.36,52.8336,53.19,22931110/22/2012,53.99,53.99,53.2,53.41,11907110/19/2012,54.45,54.63,53.84,53.97,20614310/18/2012,54.41,54.56,53.75,54.5,25088510/17/2012,54.47,54.68,54.08,54.41,17140510/16/2012,54,54.99,53.84,54.72,28788410/15/2012,53.29,53.99,53.06,53.86,27574010/12/12,53.31,53.37,52.98,53.31,22564910/11/12,53.36,53.51,53.13,53.2,9916710/10/12,53.26,53.43,52.81,53.02,17944510/9/12,53.7,53.7,53.09,53.12,20111210/8/12,53.39,53.77,53.15,53.7,11854910/5/12,52.8,53.7901,52.8,53.48,30662210/4/12,52.59,52.85,52.52,52.79,40368910/3/12,52.93,52.955,52.5,52.6,32080310/2/12,52.75,53.06,52.69,52.77,18452310/1/12,53.05,53.15,52.4,52.68,72674409/28/2012,53.62,53.62,52.89,53.05,50180509/27/2012,53.61,53.76,53.44,53.55,34031709/26/2012,53.56,53.7899,52.88,53.38,55716909/25/2012,54.86,55,53.47,53.6,41021709/24/2012,55.16,55.3657,54.53,54.59,55691609/21/2012,56.01,56.36,55.5,55.52,109049009/20/2012,55.74,56.5,55.68,55.97,48798309/19/2012,54.47,56.12,54.27,56,35092909/18/2012,53.77,54.74,53.62,54.47,48990309/17/2012,53.65,53.93,53.57,53.75,69014709/14/2012,54.12,54.45,53.7,53.89,90753709/13/2012,54.2,54.24,53.64,53.93,3840159/12/12,54.16,54.5,54.13,54.24,3244689/11/12,54.75,54.93,54.34,54.39,2051849/10/12,54.85,55.34,54.69,54.75,1848289/7/12,55,55.41,54.81,55.09,2905949/6/12,54.69,55.42,54.68,55.02,3692819/5/12,54.69,55.56,54.43,54.69,5340859/4/12,54.27,54.98,53.75,54.9,30360208/31/2012,54.14,54.4617,53.63,54.32,21564908/30/2012,54.22,54.52,53.868,53.94,12558208/29/2012,54.31,54.48,54.01,54.33,27052908/28/2012,54,54.4,53.62,54.31,23035308/27/2012,54.33,54.33,53.88,54.01,26306508/24/2012,54.06,54.32,53.7634,54.1,19791908/23/2012,54.51,54.55,53.9475,54.13,40707508/22/2012,54.66,54.85,54.17,54.44,24145208/21/2012,54.58,54.95,54.55,54.78,20559208/20/2012,54.62,54.84,54.21,54.69,40662008/17/2012,54.22,54.99,54.11,54.81,22074508/16/2012,54.04,54.37,53.7,54.16,24667108/15/2012,51.5,55.34,51.355,53.74,87505808/14/2012,55.2,55.2,50.57,51.68,213718808/13/2012,58.28,58.77,57.98,58.55,2533808/10/12,58.04,58.6,57.94,58.44,1590028/9/12,57.5,58.4,57.27,58.14,842388/8/12,57.71,57.73,57.16,57.42,2088168/7/12,57.62,58,57.285,57.85,2191408/6/12,57.52,57.626,57.23,57.23,1553798/3/12,57.96,58.42,56.73,57.29,2241338/2/12,57.48,58.428,57.02,57.37,1485268/1/12,58.81,58.92,57.13,58.01,28841207/31/2012,58.76,58.95,57.87,58.63,35079207/30/2012,58.56,58.92,58.5,58.84,17650507/27/2012,57.54,59.01,57.34,58.55,44803207/26/2012,57.68,58,56.97,57.54,22879107/25/2012,57.02,57.34,56.73,56.92,14489407/24/2012,58.25,58.25,56.75,56.96,22492307/23/2012,58.76,58.76,57.86,58.15,17740507/20/2012,60.31,60.578,59.55,59.59,14435107/19/2012,60.27,60.8,60.26,60.71,15119807/18/2012,60.18,60.84,60.18,60.48,22872407/17/2012,60.98,61.27,59.86,60.39,13683207/16/2012,60.53,61.16,60.42,60.87,11643307/13/2012,60.26,61,59.82,60.7,2049987/12/12,59.64,60.12,59.5,59.83,1662787/11/12,59.71,60.25,59.45,60,2184707/10/12,60.51,60.68,59.52,59.71,1673257/9/12,60.6,60.6,59.8,60.02,2841887/6/12,60.27,60.78,59.56,60.65,3140647/5/12,60.84,61,60.38,60.56,2051607/3/12,60.92,61.31,60.77,60.98,1638307/2/12,59.9,61.07,59.63,60.94,26455106/29/2012,59.04,60.02,58.92,59.9,22722906/28/2012,57.3,58.895,56.94,58.32,29196606/27/2012,56.99,57.75,56.71,57.6,34688006/26/2012,57.48,57.56,56.62,57.12,19289606/25/2012,58.16,58.33,56.82,57.29,24873306/22/2012,59.43,59.58,58.56,58.58,46954006/21/2012,60.06,60.13,59.17,59.21,22551006/20/2012,60.46,60.5876,59.57,59.93,37256806/19/2012,60.22,60.72,60.08,60.37,23840006/18/2012,60.22,60.49,59.82,60.28,36621106/15/2012,59.75,60.92,59.75,60.31,35418306/14/2012,60.17,60.585,59.73,59.99,19105306/13/2012,60.07,60.66,59.91,60.23,2663806/12/12,60.34,60.41,59.85,60.25,2284596/11/12,59.77,60.81,59.72,60.21,3344396/8/12,59.14,59.56,58.72,59.17,3771416/7/12,60.63,60.97,59.32,59.35,2566306/6/12,59.79,60.48,59.73,60.47,1084526/5/12,58.73,59.83,58.44,59.4,3484626/4/12,58.93,59.27,58.33,58.75,2466426/1/12,59.59,59.9,58.85,58.87,28590405/31/2012,60.44,60.78,59.75,60.26,39137105/30/2012,60.17,60.55,59.97,60.16,27969005/29/2012,60.9,61.08,60.01,60.5,28247505/25/2012,60.65,61.11,60.57,60.73,32325805/24/2012,61.4,61.55,60.32,60.46,41510305/23/2012,61.43,61.6351,60.31,61.08,36146905/22/2012,62.2,62.455,61.71,61.86,17380005/21/2012,61.57,62.31,61.04,62.21,19046605/18/2012,63.39,63.64,61.38,61.62,36463905/17/2012,64.26,64.41,63.15,63.34,36713505/16/2012,65.32,65.32,64.2,64.41,35035605/15/2012,64.58,65.54,64.58,65.08,24347505/14/2012,62.11,65.17,59.29,64.78,3927735/11/12,65.38,66.32,65.37,65.77,1700465/10/12,65.5,65.79,64.83,65.77,2466085/9/12,64.81,65.5,64.515,65.24,4628575/8/12,64.53,65.47,64.46,65.33,7431425/7/12,63.4,65.64,63.06,64.68,6960985/4/12,65.47,65.77,64.83,65.35,2990035/3/12,65.61,66.16,65.48,65.88,3179235/2/12,65.29,65.95,64.66,65.86,2762955/1/12,65.57,66.41,65.16,65.96,31157604/30/2012,65.3,65.76,64.12,65.4,39061004/27/2012,64.98,65.5,64.49,65.17,23314004/26/2012,64.08,65.23,64.08,64.76,25696404/25/2012,64.87,65.14,63.93,64.06,21685604/24/2012,64.89,65.22,64.13,64.37,19612704/23/2012,64.21,65.06,63.53,64.9,30134904/20/2012,64.57,65.45,64.3,65.01,32110704/19/2012,63.8,64.72,63.45,64.22,27183404/18/2012,63.64,63.79,63.33,63.64,27490904/17/2012,63,64.46,62.98,64,36274504/16/2012,63.63,63.645,62.77,62.79,25822904/13/2012,64.33,64.51,63.53,63.6,4322924/12/12,63.74,64.73,63.71,64.53,1616464/11/12,63.85,64,63.46,63.79,1259474/10/12,64.57,64.57,63.21,63.24,1740944/9/12,64.5,64.85,64.03,64.46,1902894/5/12,65.21,65.61,65.1415,65.46,1693414/4/12,66.38,66.57,65.17,65.22,3521284/3/12,66.4,66.87,65.79,66.85,2698434/2/12,66.45,67,65.5,66.48,27631803/30/2012,66.31,66.38,65.8,66.07,26840603/29/2012,65.92,66.03,65.07,65.69,21422903/28/2012,65.98,66.33,65.68,66.19,23079503/27/2012,65.96,66.34,65.36,65.95,22334703/26/2012,65.71,66.2,65.36,65.83,26341203/23/2012,65.22,65.55,64.49,65.51,15613103/22/2012,65.4,65.48,64.82,65.14,28290103/21/2012,65.79,66.37,65.7,65.7,59991503/20/2012,65.81,66.13,65.43,65.77,23383303/19/2012,66.08,66.41,65.67,65.98,17037703/16/2012,66.54,68.18,66.11,66.52,40445503/15/2012,65.84,66.49,65.43,66.43,52309203/14/2012,65.57,66.08,65.385,65.89,54183503/13/2012,64.4,66.14,64.36,66.04,10342883/12/12,64.5,64.56,64.16,64.56,3447293/9/12,64.22,64.49,64.01,64.49,2652123/8/12,63.41,64.36,63.26,64.23,3476413/7/12,63.19,63.24,62.701,63.22,1902523/6/12,63.38,63.72,62.77,63.05,1565063/5/12,63.66,64.29,63.28,63.88,1900893/2/12,63.63,63.94,63.43,63.91,2969163/1/12,64.13,64.25,63.47,63.81,21371502/29/2012,63.68,64.35,63.5,63.94,39013702/28/2012,63.96,64,63.35,63.5,21671402/27/2012,63.69,64.2,62.975,63.79,25528302/24/2012,64.19,64.36,63.8,64.09,17082202/23/2012,63.82,64.47,63.8,64.39,27818802/22/2012,63.98,64.25,63.5,63.95,33191002/21/2012,63.1,63.94,63.1,63.94,45236602/17/2012,63.36,63.6,63.09,63.21,14323102/16/2012,63.02,63.78,62.98,63.25,22145102/15/2012,64.14,64.14,62.92,63.02,33306202/14/2012,63.55,64,63.18,63.94,28565402/13/2012,64,64,63.15,63.44,2772562/10/12,63.63,64.22,63.24,63.63,3888712/9/12,64,64,63.13,63.94,4221652/8/12,64.91,64.93,63.7,63.79,4247852/7/12,63,65,63,64.99,10820802/6/12,60.74,64,59.96,63.74,14833872/3/12,60.38,61.42,60.29,60.74,5059172/2/12,61.1,61.49,59.47,59.74,4105712/1/12,60.27,61.42,60.16,61.13,35942401/31/2012,59.5,60.12,59.12,59.8,22762901/30/2012,60.16,60.37,59.28,59.32,23304601/27/2012,60.27,60.58,60.09,60.51,23959801/26/2012,61.1,61.3,60.16,60.56,32163701/25/2012,60.97,61.3,60.58,61.02,19441201/24/2012,60.5,61.5,60.5,61.08,29932501/23/2012,60.31,61,60.31,60.88,43259101/20/2012,60.14,60.75,60.04,60.49,22049901/19/2012,60,61.05,60,60.54,31425501/18/2012,59.2,60.25,59.04,60.21,43579201/17/2012,59.47,59.48,58.9717,59.3,24317901/13/2012,58.38,59.19,58.11,59.19,2533321/12/12,58.9,58.9,58.36,58.59,2732521/11/12,59.13,59.41,58.28,58.78,2897051/10/12,58.85,59.91,58.3,59.6,3081011/9/12,57.5,58.76,57.02,58.3,4671791/6/12,58.81,59,57.94,57.94,2133291/5/12,59.43,59.58,58.25,58.93,2481041/4/12,59,59.9,58.37,59.75,3159321/3/12,60.4,60.72,59.1,59.11,53250212/30/2011,59.92,60.71,59.77,59.93,12749112/29/2011,58.82,60.27,58.75,60.07,36164012/28/2011,60.27,60.64,58.67,58.69,18601912/27/2011,60.39,61.13,60.165,60.66,12886612/23/2011,59.94,60.67,59.8,60.39,7650112/22/2011,59.95,60.54,59.75,59.92,25869012/21/2011,59.65,60,58.82,59.89,21052012/20/2011,59.34,60.11,58.76,59.89,17913812/19/2011,60.3,60.3,58.27,58.54,22424712/16/2011,57.14,60,57.14,59.97,75942212/15/2011,59.18,59.34,58.25,58.45,39054712/14/2011,61.49,61.88,58.67,58.73,38229612/13/2011,61.47,62.22,61.34,61.83,68298012/12/11,61.63,62.14,60.62,61.19,25307012/9/11,62.11,62.5,61.75,62.22,41607812/8/11,62.52,62.93,61.66,61.82,25017012/7/11,63.83,64.08,62.76,62.95,49302412/6/11,65.8,65.94,64.26,64.32,30036812/5/11,66.26,66.51,65.23,65.61,39642012/2/11,65.58,66.12,65.33,65.77,27378012/1/11,64.9,65.39,64.64,65.12,25388911/30/2011,65.49,65.49,64.31,65.16,51934811/29/2011,62.35,63.3,62.06,63.23,33842311/28/2011,61.13,62.75,61,62.29,19385511/25/2011,59.93,60.42,59.8,59.96,4536211/23/2011,61,61,59.8,60.2,19717211/22/2011,61.24,61.57,60.515,61.43,24860611/21/2011,61.57,61.88,60.59,61.49,21850411/18/2011,62.83,62.83,62.0308,62.39,13037611/17/2011,63.85,64.26,62.45,62.64,23781411/16/2011,64.51,64.52,63.93,64.27,32779711/15/2011,64.6,65.08,64.4,64.88,14557111/14/2011,64.64,65.12,64.24,64.56,15684211/11/11,64.14,65.17,63.91,65,19237011/10/11,64.06,64.19,63.17,63.73,23431211/9/11,64.35,64.44,63.43,63.7,47624811/8/11,64.01,65,63.67,64.66,48467211/7/11,64.48,64.48,62.17,63.97,30819811/4/11,64.56,65,64.06,64.7,23788011/3/11,65.88,65.88,63.7,65.04,22158511/2/11,63.45,64.06,62.35,63.95,27015811/1/11,63.43,65.03,62.58,62.83,32545010/31/2011,64.42,67.31,63.93,65.7,60313110/28/2011,65.18,66,64.52,65.06,24242010/27/2011,65.34,65.34,64.47,65.01,26494910/26/2011,64.55,64.7,62.83,64.09,19869810/25/2011,64.51,64.97,63.62,63.77,10368410/24/2011,64.45,65.46,64.38,64.99,21906110/21/2011,63.26,64.5,63.26,64.29,16391410/20/2011,62.74,63.11,62.38,62.79,22848810/19/2011,63.61,64.22,62.34,62.49,20537310/18/2011,62.46,64.17,62.15,63.95,19971810/17/2011,63.47,63.85,62.19,62.4,27570210/14/2011,64.66,64.66,63.08,63.88,23538810/13/2011,63.08,64.25,62.39,64.13,22972310/12/11,63.32,64.17,62.8,63.42,30478610/11/11,62.87,63.07,62.11,62.93,21828210/10/11,61.78,63.24,61.35,62.98,31247510/7/11,62,62,60.3,61.12,24939810/6/11,60.61,62,59.9308,62,33258410/5/11,59.84,60.75,58.43,60.61,37363410/4/11,59.26,60.15,56.64,58.91,71224910/3/11,59.11,60.32,58.76,59.84,70941309/30/2011,58.93,60.46,58.16,59.78,48578209/29/2011,61.24,61.44,58.71,59.78,28867909/28/2011,60.21,61.36,59.83,60.39,22965709/27/2011,60.8,61.04,59.66,59.88,31027609/26/2011,60.36,60.36,59.46,60.04,34594409/23/2011,57.98,60.11,57.5,60.06,56829209/22/2011,57.99,58.55,57.2323,57.99,33923809/21/2011,59.06,60.46,58.6,59.27,46980709/20/2011,59.36,60.52,59.03,59.06,48798709/19/2011,57.53,59.28,56.54,59.1,24167309/16/2011,59.13,59.62,58.37,58.5,106696809/15/2011,58.06,59.08,57.34,58.9,25623009/14/2011,57.38,57.98,56.92,57.43,23562709/13/2011,57.45,57.68,56.71,57.25,2915239/12/11,56.35,57.25,55.84,57.24,1615169/9/11,58,58.57,56.775,57.14,2342209/8/11,58.6,59.3499,58.38,58.51,3140309/7/11,57.6,59.4,57.38,59.16,2103759/6/11,55.06,57.06,55.06,56.85,2347269/2/11,56.55,57.6,56.51,56.99,2660379/1/11,59.09,59.59,57.45,57.67,19982708/31/2011,59.39,59.77,58.39,58.99,21959908/30/2011,58.9,59.57,58.34,59.1,22641208/29/2011,58.03,59.43,58.03,59.38,13819808/26/2011,56.78,57.83,56.05,57.73,19996708/25/2011,59.04,59.44,56.66,57.32,21979108/24/2011,57.53,58.9,57.01,58.81,34690108/23/2011,56.08,58.11,55.54,58.11,23421508/22/2011,57.48,59.11,55.51,56.02,33792708/19/2011,55.15,56.67,54.88,55.76,22227408/18/2011,57.11,57.11,55.02,55.83,37931808/17/2011,58.16,59.74,58.16,58.36,49341308/16/2011,53.59,57.83,53.59,57.67,52365508/15/2011,55.92,56.3571,55.4496,56.25,2873588/12/11,55.45,56.36,54.93,55.53,2514938/11/11,53.04,55.52,52.67,54.98,3049418/10/11,53.69,54.45,52.7,52.7,3300558/9/11,53.36,55.09,51.7,55.01,3945218/8/11,54.69,55.59,52.22,52.26,4403268/5/11,57.29,58.28,55.76,56.32,3704708/4/11,60.28,60.29,56.7,56.71,3050378/3/11,60.77,61.47,59.69,60.85,3222538/2/11,61.75,62.64,60.78,60.81,3231098/1/11,61.49,62.3,61.34,62.1,26065807/29/2011,61.77,61.77,60.77,61.15,16438007/28/2011,62.24,62.95,61.66,62.46,25725707/27/2011,62.86,62.86,61.58,62.08,27597307/26/2011,63.13,63.66,62.67,63.17,31016607/25/2011,62.79,63.39,62.09,63.16,22534807/22/2011,62.71,63.37,62.471,63.05,19051007/21/2011,62.07,62.945,61.71,62.86,20870107/20/2011,61.59,61.89,61.32,61.74,12176807/19/2011,60.7,61.66,60.7,61.65,23076307/18/2011,61.67,62.03,60.19,60.61,13646207/15/2011,62.27,62.27,61.08,61.72,20563207/14/2011,63.22,63.5,61.45,61.99,28071007/13/2011,63.13,63.82,62.7501,63,3200167/12/11,62.95,63.2942,62.52,62.78,3586917/11/11,63.66,63.85,62.74,62.98,3537527/8/11,65.04,65.29,63.72,64.03,4330627/7/11,66.84,66.84,65.78,65.89,3718267/6/11,66.12,66.55,65.56,66.38,3065347/5/11,65.5,66.31,65.5,66.31,2237227/1/11,65.67,66,64.94,65.75,34524606/30/2011,63.83,65.9799,63.6,65.71,73556106/29/2011,63.74,63.99,63.04,63.65,27647406/28/2011,63.39,63.93,63,63.76,19995506/27/2011,62.96,63.62,62.96,63.5,21486206/24/2011,63.27,64.13,62.66,63.04,106532906/23/2011,62.55,63.45,62.18,63.3,23124506/22/2011,63.22,64.01,62.99,63.08,32096006/21/2011,62.4,63.54,62.4,63.53,34275506/20/2011,62.01,62.5,61.61,62.11,30944306/17/2011,62.25,62.62,61.5,62.15,46262106/16/2011,61.66,62.12,61.34,61.74,31103106/15/2011,62.19,62.35,61.1,61.76,36847306/14/2011,60.56,62.84,60.56,62.57,51573306/13/2011,58.81,59.97,58.81,59.71,3667346/10/11,58.77,59.19,58.52,58.84,2813156/9/11,59.94,59.94,57.82,58.83,5405476/8/11,59.86,60.2,59.66,59.74,2965146/7/11,61.28,61.52,59.95,60.09,4871186/6/11,60.78,61.46,60.54,60.99,4700636/3/11,61.4,61.4,60.5,61,4666226/2/11,62.94,63.04,61.68,61.81,2845076/1/11,63.56,63.56,62.84,63,22379305/31/2011,63.7,64.21,63.24,63.45,37333705/27/2011,63.78,63.9,63.48,63.62,19324905/26/2011,62.42,63.85,62.3,63.77,31355105/25/2011,62.3,62.38,61.81,62.35,24048205/24/2011,62.63,62.75,62.21,62.41,22660505/23/2011,62.45,62.81,62.28,62.59,20001505/20/2011,62.61,63.44,62.49,63.27,22577505/19/2011,63.2,63.23,62.4,62.87,15730305/18/2011,62.01,63.47,61.98,62.82,32721105/17/2011,61.8,62.71,61.56,62.1,27255605/16/2011,63.16,63.38,61.97,62.07,28537005/13/2011,62.86,63.68,62.64,63.5,3589335/12/11,61.85,63.11,61.85,62.99,2666485/11/11,62.34,62.635,61.57,62.02,2126005/10/11,61.88,62.92,61.88,62.66,2389295/9/11,60.85,62.19,60.33,61.99,5711215/6/11,60.96,62.07,60.57,60.85,6852005/5/11,58.08,62.3,58.04,60.9,18086655/4/11,57.16,57.16,56.04,56.25,3475565/3/11,57.13,57.68,56.84,57.23,2727635/2/11,57.44,57.44,56.7,57.09,13964104/29/2011,57.18,57.49,56.99,57.36,33462104/28/2011,57.03,57.5,56.71,57.05,14935504/27/2011,56.39,57.16,56.31,57.03,18301404/26/2011,56.31,56.98,55.96,56.26,36655904/25/2011,54.7,56.09,54.39,55.99,68795004/21/2011,55.6,55.79,54.65,54.71,18862304/20/2011,55.19,55.86,55.19,55.58,15034704/19/2011,54.48,55.04,54.33,54.83,33590104/18/2011,54.29,54.5,53.7,54.33,16933404/15/2011,55.1,55.49,54.99,55.01,32311604/14/2011,54.83,55.12,54.79,54.96,12965904/13/2011,55.07,55.16,54.71,55.12,3119814/12/11,55.25,55.5,54.86,55.01,939084/11/11,55.55,55.71,55.14,55.38,1431194/8/11,56.7,56.7,55.48,55.89,1171554/7/11,56.59,56.89,56.14,56.51,1925854/6/11,56.89,56.9,56.58,56.78,2150014/5/11,56.2,57,56.2,56.83,3495204/4/11,55.8,56.99,55.8,56.84,4825724/1/11,55.6,56.15,55.4,56.14,32986603/31/2011,55.02,55.55,54.77,55.46,42366303/30/2011,55.27,55.27,55.07,55.23,40643203/29/2011,54.9,55.32,54.9,55.25,22872403/28/2011,55.18,55.4,55.1,55.22,14597203/25/2011,55.11,55.57,54.98,55.35,61971103/24/2011,55.31,55.45,54.59,54.96,34313603/23/2011,55.96,55.96,55.05,55.25,28262703/22/2011,56.61,56.85,55.755,55.96,22246503/21/2011,56.15,57,56.15,56.56,34387503/18/2011,55.85,56.26,55.5403,55.73,24845303/17/2011,55.49,55.95,55.19,55.45,21977203/16/2011,56.26,56.49,54.83,55.28,22453303/15/2011,55.99,56.65,55.57,56.21,8593403/14/2011,57.06,57.87,56.87,57.08,2285133/11/11,57.33,57.82,57.14,57.51,1028983/10/11,57.95,58.2,57.3,57.48,1348543/9/11,57.95,58.74,57.77,58.67,2307353/8/11,57.51,58.61,57.19,57.96,3632633/7/11,58.55,58.81,56.97,57.5,1680533/4/11,58.7,58.77,57.75,58.26,2585513/3/11,58.66,59.15,58.31,58.58,5178163/2/11,58.44,58.6799,58,58.43,2966923/1/11,58.86,58.92,58,58.28,29584602/28/2011,58.74,59.4,58.46,58.8,43582702/25/2011,58.06,58.51,58.05,58.51,24054202/24/2011,58.04,58.16,57.57,57.76,21388502/23/2011,58.51,58.51,57.71,58.03,47007302/22/2011,58.05,58.74,58.03,58.56,28182002/18/2011,57.7,58.44,57.47,58.44,16399902/17/2011,57.28,57.75,57.28,57.67,12461102/16/2011,57.82,57.98,56.96,57.52,33185002/15/2011,57.12,57.97,57.12,57.72,19588902/14/2011,57.44,57.5,56.7,57.33,2092272/11/11,57.49,57.78,57.33,57.44,2543612/10/11,56.67,57.56,56.31,57.54,4397592/9/11,57.45,57.61,56.72,57.09,2196282/8/11,57.02,57.55,56.91,57.51,3245652/7/11,56.81,57.12,56.05,56.99,3190942/4/11,55.63,56.88,55.45,56.83,3521362/3/11,55.25,55.52,54.9,55.25,3189432/2/11,55.65,55.9,55.1,55.58,1951932/1/11,54.67,55.79,54.22,55.69,34613101/31/2011,53.93,54.75,53.6919,54.53,25610101/28/2011,54.73,54.73,53.45,53.85,19428601/27/2011,54.73,54.9,54.21,54.87,24295901/26/2011,53.8,54.7,53.27,54.64,29254201/25/2011,53.32,53.77,52.84,53.77,31058301/24/2011,53.27,53.73,52.92,53.38,25238301/21/2011,53.41,53.5,52.9101,53.47,39642101/20/2011,52.78,53.35,52.69,53.28,14056501/19/2011,53.65,53.8,52.78,52.89,26753401/18/2011,53.6,54,53.02,53.76,70227301/14/2011,53.75,54.02,53.28,54,32909201/13/2011,54.36,54.57,53.51,54.16,2610781/12/11,54.83,54.88,54.51,54.88,2320551/11/11,54.05,54.89,53.52,54.73,3251071/10/11,52.9,54.11,52.01,54.02,4046721/7/11,54.16,54.26,52.82,53.26,3518641/6/11,53.34,54.61,52.61,54.49,5505861/5/11,52.64,53.58,52.26,53.43,2945611/4/11,53.02,53.12,52.07,53.08,2829051/3/11,52.22,53.2,51,52.99,23436512/31/2010,53.01,53.39,52.06,52.06,15161012/30/2010,53.31,53.5,53.11,53.14,8929012/29/2010,53.09,53.71,52.86,53.47,8920412/28/2010,52.92,53.33,52.43,53.23,6743012/27/2010,52.89,53.16,52.65,52.93,3679012/23/2010,53.02,53.5,52.7,53.09,15061912/22/2010,51.85,53.24,51.59,53.2,22697712/21/2010,52.53,52.89,51.75,51.85,21460212/20/2010,52.74,52.89,52.55,52.63,12167612/17/2010,51.67,52.86,51,52.86,89458712/16/2010,51.81,52.18,51.5701,51.76,21136312/15/2010,52.43,52.91,51.71,51.74,18787512/14/2010,53.07,53.24,52.52,52.64,10796812/13/2010,52.87,53.05,52.72,52.93,18262012/10/10,51.73,53,51.4601,53,16834712/9/10,52.18,52.18,49.88,51.72,24758812/8/10,52.51,52.84,52.09,52.43,11457612/7/10,52.31,52.62,52.02,52.39,22017512/6/10,51.41,52.12,51.22,52.12,16416312/3/10,51.18,51.67,50.85,51.56,11376112/2/10,50.82,51.56,50.47,51.55,11084112/1/10,50.66,51.07,50.29,50.92,13550311/30/2010,50.37,50.64,49.81,50.2,136725211/29/2010,50.18,50.78,49.92,50.7,21504611/26/2010,50.13,50.67,50.08,50.47,13782311/24/2010,50.5,50.6,50.32,50.57,17124911/23/2010,49.65,50.25,49.4575,50.23,19014711/22/2010,49.78,50.2,49.42,50.01,29110811/19/2010,50.25,50.65,49.91,50.02,25269711/18/2010,50.28,50.72,50.22,50.33,20309611/17/2010,49.7,50.16,49.7,50.08,23501411/16/2010,49.58,49.7,49.14,49.7,23580011/15/2010,49.27,50.27,48.94,49.9,20759011/12/10,49.08,49.475,49.0006,49.06,22044811/11/10,49.08,49.74,48.74,49.37,35293911/10/10,49.03,49.61,48.77,49.48,18981411/9/10,49.85,49.85,48.8401,48.96,22488711/8/10,49.82,49.86,48.92,49.7,33177411/5/10,49.85,50.6,49.41,50.08,52351911/4/10,51.8,52.24,51.5,51.64,17543111/3/10,51.79,52.09,50.87,51.36,10376811/2/10,51.19,52.15,51.19,51.95,13707711/1/10,51.47,51.99,50.42,51.01,48920910/29/2010,50.3,51.47,50.25,51.42,23646310/28/2010,50.27,50.53,50.14,50.28,13198210/27/2010,50.3,50.44,49.73,50.16,24833810/26/2010,50.59,50.95,50.2,50.66,14228010/25/2010,50.97,51.28,50.72,50.92,17318010/22/2010,50.38,50.995,50.38,50.9,9094810/21/2010,50.88,51.09,49.93,50.38,16739310/20/2010,50.14,50.95,49.92,50.72,10218310/19/2010,50.81,50.97,49.68,49.94,35059010/18/2010,51.12,51.19,50.85,51.17,20397010/15/2010,50.78,51.26,50.66,51.22,20353210/14/2010,50.38,50.58,50.15,50.57,13365910/13/2010,50.28,50.6,50.12,50.29,36489110/12/10,49.96,50.44,49.57,50.37,12049910/11/10,49.85,50.23,49.74,50.01,8735210/8/10,49.82,50.11,49.3,50.02,14238010/7/10,49.95,49.95,49.28,49.9,22444610/6/10,49.9,50.16,49.53,49.76,22228010/5/10,49.89,50.05,49.52,50.03,58642510/4/10,49.8,49.91,49.27,49.77,22200710/1/10,49.26,50,48.98,50,39859509/30/2010,48.92,49.46,48.68,49.18,41718109/29/2010,47.53,48.99,47.32,48.77,46829209/28/2010,45.57,47.61,45.535,47.53,60007709/27/2010,45.18,45.45,44.9,45.23,11975309/24/2010,44.69,45.39,44.58,45.25,22672509/23/2010,44.85,45.12,44.33,44.4,27128609/22/2010,45.44,45.6,44.71,45.13,24686109/21/2010,45.65,45.75,44.94,45.62,34569609/20/2010,45.2,45.79,44.48,45.75,61921409/17/2010,45.67,45.95,44.73,45.19,284797709/16/2010,46.75,46.86,46.35,46.46,28393209/15/2010,46.62,46.91,46.41,46.76,18831209/14/2010,46.8,47.01,46.68,46.8,21750309/13/2010,46.93,47.07,45.98,46.94,3946819/10/10,47.64,47.82,47.12,47.48,2056759/9/10,47.42,47.78,47.31,47.63,1236299/8/10,47.66,47.79,47.19,47.19,1461419/7/10,47.75,47.99,47.17,47.67,1726279/3/10,47.5,48.04,47.42,47.98,1899289/2/10,46.43,47.49,46.19,47.4,1824169/1/10,45.41,46.49,45.39,46.43,16669108/31/2010,45.33,45.63,44.79,44.9,16538108/30/2010,45.8,46,45.26,45.34,8314808/27/2010,45.09,45.75,44.49,45.66,14631008/26/2010,46.36,46.63,44.82,44.89,31113508/25/2010,45.38,46.59,45.05,46.38,18777108/24/2010,45.63,45.91,45.3,45.48,28041908/23/2010,47.52,47.64,45.92,45.92,30230308/20/2010,46.91,47.93,46.76,47.84,31411308/19/2010,46.67,48.29,46.66,46.99,96284408/18/2010,46.17,46.94,46.17,46.77,28800408/17/2010,46.36,46.64,45.97,46.37,26817008/16/2010,45.08,46.18,44.81,46.17,29724708/13/2010,45.41,45.6,45.33,45.44,3480518/12/10,45.1,45.57,44.75,45.51,4238848/11/10,45.23,46.1,45.13,45.73,6309988/10/10,45.94,46.13,45.44,45.88,5255538/9/10,45.59,46.16,45.59,46.15,2911548/6/10,45.22,45.75,45.22,45.54,3291528/5/10,45.38,45.71,45.37,45.68,2065258/4/10,44.94,45.6,44.9,45.53,3082998/3/10,44.22,45.04,44.14,44.93,3381068/2/10,44.87,45.27,44.06,44.45,19010807/30/2010,43.38,44.58,43.38,44.51,20046407/29/2010,44.3,44.37,43.335,43.91,27978807/28/2010,43.94,44.12,43.45,44.08,46098007/27/2010,44.78,45.01,43.86,43.93,24889707/26/2010,44.16,44.73,43.9,44.62,13689207/23/2010,43.43,44.37,43.07,44.16,34846207/22/2010,41.58,43.37,41.56,43.34,41778707/21/2010,41.27,41.34,40.92,41.13,34549307/20/2010,40.09,41.32,39.66,41.22,33927207/19/2010,41.08,41.15,40.64,41.08,28593607/16/2010,41.17,41.41,40.71,40.89,32621007/15/2010,41.2,41.46,40.87,41.34,29919607/14/2010,40.98,41.48,40.92,41.36,30551707/13/2010,41.14,41.18,40.58,41.01,2111137/12/10,41,41.73,40.53,40.73,3668437/9/10,39.65,40.39,39.59,40.39,1795837/8/10,39.91,39.91,39.27,39.73,2150277/7/10,38.99,39.61,38.69,39.53,3085137/6/10,38.89,39.51,38.37,38.83,4180657/2/10,38.65,38.65,38.07,38.35,2813107/1/10,38.78,38.78,38.04,38.6,39966606/30/2010,39.03,39.48,38.65,38.85,35899006/29/2010,40.28,40.57,39.01,39.24,44885006/28/2010,40.89,41.07,40.57,40.77,60820306/25/2010,41.82,42.22,40.54,40.54,364748806/24/2010,42.64,42.88,41.42,41.74,33525706/23/2010,42.75,43.42,42.55,42.89,26695806/22/2010,43.17,43.94,42.58,42.65,26292506/21/2010,44.06,44.26,42.93,43.26,43858106/18/2010,43.22,44.14,42.82,43.8,60843506/17/2010,43.35,43.35,42.48,42.96,23755206/16/2010,42.99,43.54,42.85,43.31,23394906/15/2010,43.52,43.52,42.22,43.27,28644406/14/2010,43.12,43.63,42.66,43.23,3683506/11/10,42.275,42.8,41.96,42.76,2602066/10/10,42.4,43.01,41.93,42.59,3132996/9/10,41.71,42.17,41.29,42.07,3770016/8/10,41.41,41.8,40.82,41.44,4203066/7/10,42.46,42.515,41.26,41.31,3600406/4/10,43.56,43.9,42.45,42.52,2781576/3/10,44.72,44.9081,43.87,44.24,2733856/2/10,43.57,44.32,43.28,44.32,2924186/1/10,45.7,45.83,43.59,43.64,45662405/28/2010,46.37,46.49,45.55,46,29074805/27/2010,46.32,46.84,46.18,46.54,34100605/26/2010,45.6,46.32,45.34,45.91,49410305/25/2010,45.42,45.45,44.78,45.33,24248805/24/2010,46.13,46.92,45.57,46.1,59520105/21/2010,47.51,47.83,45.842,46.24,75993805/20/2010,48.23,48.95,47.45,47.48,47069905/19/2010,49.19,50,48.81,49.28,49131805/18/2010,49.61,49.61,48.83,49.44,63197705/17/2010,48.92,49.5,48.65,49.25,58732605/14/2010,47.91,48.89,47.78,48.76,71742505/13/2010,48.21,48.6,47.79,48.2,2969675/12/10,47.75,49.08,47.56,48.04,3654965/11/10,48.32,49.03,48.32,48.44,1783825/10/10,48.74,48.78,47.44,48.73,1843095/7/10,47.59,47.93,46.29,46.87,3386945/6/10,48.45,48.92,45.72,47.79,2305855/5/10,48.8,49.24,48.28,48.47,1733315/4/10,49.42,49.61,48.17,49.05,2429635/3/10,48.84,50.05,48.84,50,33629804/30/2010,48.5,48.5,47.87,48,23941304/29/2010,48.83,48.83,47.93,48.41,22435904/28/2010,49.01,49.01,48.06,48.62,19732104/27/2010,47.75,49.29,47.75,48.8,21156004/26/2010,48.47,48.75,47.96,47.98,11858404/23/2010,48.25,48.55,47.71,48.54,22339104/22/2010,47.74,48.39,47.5,48.35,17001704/21/2010,47.98,48.2,47.83,48.09,19018804/20/2010,48.09,48.25,47.715,48.21,16787004/19/2010,47.82,47.84,47.3,47.67,23926704/16/2010,47.71,48.21,47.71,47.96,41065704/15/2010,48.24,48.24,47.95,48.08,24911104/14/2010,48.25,48.25,47.74,48.23,23255904/13/2010,47.57,48.22,47.57,48.09,1494134/12/10,47.79,47.97,47.4,47.73,2231204/9/10,47.84,48.05,47.41,47.79,1517534/8/10,48,48.2,47.43,47.92,3118164/7/10,48.13,48.36,47.94,48.26,2441574/6/10,47.66,48.26,47.54,48.16,1485574/5/10,47.66,48.12,47.07,47.92,1384964/1/10,47.67,47.67,47.22,47.56,32259803/31/2010,47.97,48.31,47.5,47.5,25516703/30/2010,48,48.68,47.83,48,9722303/29/2010,48.48,48.48,47.75,48.17,10664203/26/2010,47.2,48.51,47.19,48.2,16040203/25/2010,47.7,47.77,47.21,47.38,18454003/24/2010,47.5,47.63,47.22,47.31,22078503/23/2010,47.32,47.9,47.03,47.84,14310703/22/2010,46.87,47.59,46.64,47.52,12924703/19/2010,46.89,47.29,46.59,47.18,34478203/18/2010,46.99,47.29,46.8,46.96,22078103/17/2010,46.91,47.21,46.63,47.1,16067303/16/2010,47.22,47.22,46.3,46.64,18004103/15/2010,46.81,47.2,46.74,47.12,2024023/12/10,47,47.02,45.88,47.02,2443983/11/10,46.32,46.99,46.32,46.95,1253803/10/10,46.64,46.67,46.21,46.67,1835933/9/10,46.18,46.79,45.93,46.77,1781673/8/10,46.54,46.59,46,46.24,1082473/5/10,45.9,46.65,45.76,46.59,1994593/4/10,45.61,46.08,45.48,45.88,2710093/3/10,45.43,45.8,45.16,45.66,2493193/2/10,44.95,45.42,44.63,45.41,1891083/1/10,44.34,45.01,44.26,45.01,16337302/26/2010,43.36,44.39,43.01,44.17,44979402/25/2010,43.34,43.65,43.05,43.37,15033602/24/2010,43.7,44.24,43.35,43.91,19587202/23/2010,43.58,43.92,43.33,43.51,20153602/22/2010,44.81,44.81,43.41,43.54,25604102/19/2010,44.26,44.75,43.87,44.52,33266202/18/2010,44.4,44.4,43.79,44.2,14430002/17/2010,43.72,44.4,43.6,44.38,19158202/16/2010,43.24,43.72,42.82,43.72,1878582/12/10,42.9,43.73,42.64,43.66,1867502/11/10,42.78,43.34,42.4,43.33,1020742/10/10,42.99,43.11,42.57,42.72,1945972/9/10,43.05,43.51,42.66,43.11,1862612/8/10,43.25,43.54,42.84,42.88,1523662/5/10,43.11,43.69,42.71,43.31,2891672/4/10,43.1,43.9,43.02,43.36,3363042/3/10,43.56,43.69,43.13,43.28,1139852/2/10,43.75,44.1,43.19,43.55,1624872/1/10,43.55,44.52,43.39,43.75,16862501/29/2010,45.41,45.65,43.62,43.63,24337001/28/2010,45.49,45.78,44.85,45.39,21369801/27/2010,46.63,46.71,44.56,45.4,47678701/26/2010,47.33,47.42,46.52,46.59,15998901/25/2010,47.68,48.34,47.21,47.73,23585401/22/2010,49.18,49.54,47.59,47.68,21783501/21/2010,49.74,49.92,48.96,49.3,24844801/20/2010,48.72,49.95,48.25,49.8,25600101/19/2010,48.14,49.08,47.96,49.08,25173301/15/2010,49.51,49.92,47.97,47.97,38453201/14/2010,49.48,49.64,48.72,49,22190901/13/2010,49.89,50.17,49.26,49.67,1358161/12/10,50.84,50.9,49.6,49.99,1160181/11/10,51.7,51.7,50.41,50.92,1433601/8/10,49.9,52.2795,49.9,51.48,3627551/7/10,49.09,50.76,48.95,50.6,2767541/6/10,49.14,49.49,48.5,49.28,2850191/5/10,50,50,49.2,49.27,3220061/4/10,48.45,51,48.43,50,223136